JOVOVICH_MASKS_V1
99 20
01110011100010100010
00100101000111110010
11111001101010010011
00111010111001101011
11110101100100101111
10011000111011110010
01110111110001110111
10100010000000111000
00110001001011011101
11011110101101011011
10110000000110001111
00110001011011011010
10010010110111010000
00100110111111011010
00100000010011100000
10010011100110100100
00101000101000000011
10100001111010101011
00000110101000011010
11000101111010111111
01000011110111001010
10010001011000000110
00101101100010010000
10010110001111101100
11101001001011101010
11101010011110011010
10011000011100101110
10001110100111101010
01000100101110100100
10001101000110100110
01110000001111101101
10101101101010000111
10101100001000001010
10101000111000001001
11001001101100101011
10100001001101111000
01000010100001010001
00101110001001110010
01101010101011000111
00111110011011101101
01110110100001011110
11111100101110001110
00000100111010010110
10001100001100001110
10100101101110110100
01110010010101111101
10001111110001011101
11011101001000111110
11110000011100110001
00011100111110000100
11000010000101010110
11000000101000010010
00100010111101000111
00100000000010010011
11111110011011101111
10000110000100111100
00000011101010111011
01101111011101000000
11001101001001010101
11111011001101100110
11011101011100010000
11011100101111000100
11101100010001111100
01101010100101100110
11001001100011100011
11010111111111010001
10001001100010000010
11101100100111111000
11010100011100101101
10001000111111101111
10100000001111111110
10100010101011000111
10111000011100101010
01100111100101001010
11100000011000100010
10010010010100100000
01001111010000011000
01010101001001001100
10011011011000001011
11110011000011100000
00001111000011111010
10110100000101101001
10100010000010111101
00001010110010001100
10101010110000111110
00000000100000101100
10100000100000110110
11000000111011111011
01110000000111001111
11010111010100000010
10100001101110101011
01101010111011000001
11101111101011000110
10010001000010100011
01010101001111010000
01100100011111000111
01010110100001101101
10110111010101010111
11101001101111100100
