JOVOVICH_READOUT_V1
52 896 20 26
1 0 0 1
0 0 0 1
1 1 1 1
0 1 1 1
1 2 2 1
0 2 2 1
1 3 3 1
0 3 3 1
1 14 4 0
0 14 4 0
1 14 5 0
0 14 5 0
1 4 6 0
0 4 6 0
1 5 7 1
0 5 7 1
1 6 8 1
0 6 8 1
1 7 9 0
0 7 9 0
1 15 10 0
0 15 10 0
1 15 11 0
0 15 11 0
1 16 12 0
0 16 12 0
1 16 13 0
0 16 13 0
1 8 14 0
0 8 14 0
1 9 15 0
0 9 15 0
1 10 16 0
0 10 16 0
1 11 17 0
0 11 17 0
1 17 18 0
0 17 18 0
1 17 19 0
0 17 19 0
1 18 20 0
0 18 20 0
1 18 21 0
0 18 21 0
1 12 22 0
0 12 22 0
1 13 23 0
0 13 23 0
1 19 24 0
0 19 24 0
1 19 25 0
0 19 25 0
